{
 "cells": [
  {
   "cell_type": "code",
   "execution_count": 1,
   "id": "94655dbb-e2f7-4777-a0ab-84867eba5410",
   "metadata": {},
   "outputs": [],
   "source": [
    "import pandas\n",
    "import numpy\n",
    "import yfinance\n",
    "import statsmodels.api as sm\n",
    "\n",
    "import matplotlib.pyplot as plt\n",
    "import matplotlib"
   ]
  },
  {
   "cell_type": "markdown",
   "id": "882669d5-62b4-47b5-a5cd-9dd87ebf28d2",
   "metadata": {},
   "source": [
    "# 1 Introduction\n",
    "\n",
    "We introduce some elementary risk models to derive the covariance matrix between stocks.\n",
    "\n",
    "### References\n",
    "\n",
    "* Grinold, R. C., & Kahn, R. N. (2000). Active portfolio management. (Chapter 3)"
   ]
  },
  {
   "cell_type": "markdown",
   "id": "899834c6-ba7b-4f61-8446-3b0903a8a767",
   "metadata": {},
   "source": [
    "### Fetch Data"
   ]
  },
  {
   "cell_type": "code",
   "execution_count": 2,
   "id": "38a94246-6b8e-4bd7-9e0b-944b16db7579",
   "metadata": {},
   "outputs": [],
   "source": [
    "stocks = [\"ACN\", \"BA\", \"BAC\", \"CAT\", \"HP\", \"INTC\", \"KMB\", \"NVDA\", \"NFLX\", \"XRX\"]\n",
    "benchmark = \"SPY\""
   ]
  },
  {
   "cell_type": "code",
   "execution_count": 3,
   "id": "2479d946-09b8-4cd5-80c8-90e5c7a2cc9f",
   "metadata": {},
   "outputs": [
    {
     "name": "stdout",
     "output_type": "stream",
     "text": [
      "[*********************100%%**********************]  11 of 11 completed\n"
     ]
    }
   ],
   "source": [
    "yf = yfinance.Tickers(stocks + [benchmark])\n",
    "df = yf.download(\"5y\")"
   ]
  },
  {
   "cell_type": "code",
   "execution_count": 4,
   "id": "bcc5e56d-5aa1-4365-8cc6-09b3d1173410",
   "metadata": {},
   "outputs": [],
   "source": [
    "df_returns = df[\"Close\"].pct_change().dropna()"
   ]
  },
  {
   "cell_type": "markdown",
   "id": "500a9f9e-df0c-4945-924b-c7211b7a9dac",
   "metadata": {},
   "source": [
    "### Active and Residual Risk\n",
    "\n",
    "The active return of a stock against a benchmark is given by,\n",
    "\n",
    "$$ r_{active} = r_{stock} - r_{benchmark} $$\n",
    "\n",
    "and the active risk is given by\n",
    "\n",
    "$$ \\sigma_{active} = Std(r_{active}) = Std(r_{stock} - r_{benchmark}) $$\n",
    "\n",
    "The residual risk is the risk orthogonal to the systematic risk, and is given by\n",
    "\n",
    "$$ \\omega_p = \\sqrt{\\sigma_P^2 - \\beta_P^2 \\sigma_B^2} $$\n",
    "\n",
    "where\n",
    "\n",
    "$$ \\beta_P = \\frac{Cov(r_P, r_B)}{Var(r_B)}. $$"
   ]
  },
  {
   "cell_type": "markdown",
   "id": "9ce93e01-cf5e-43e5-8dc6-8bf429c9dfc5",
   "metadata": {},
   "source": [
    "For each stock, the beta, total risk and residual risk with respect to the benchmark can be calculated."
   ]
  },
  {
   "cell_type": "code",
   "execution_count": 5,
   "id": "dd483627-450d-4669-9fed-9a41b5e67655",
   "metadata": {},
   "outputs": [],
   "source": [
    "def calculate_risk_summary(df_returns, stocks, benchmark):\n",
    "    out = []\n",
    "   \n",
    "    for stock in stocks:\n",
    "        \n",
    "        exog = sm.add_constant(df_returns[benchmark], prepend=True)\n",
    "        endog = df_returns[stock]\n",
    "\n",
    "        lr = sm.OLS(endog=endog, exog=exog)\n",
    "        beta = lr.fit().params.loc[benchmark]\n",
    "\n",
    "        stock_risk = df_returns[stock].std()\n",
    "        market_risk = df_returns[benchmark].std()\n",
    "\n",
    "        residual_risk = numpy.sqrt(df_returns[stock].std()**2 - (beta * df_returns[benchmark].std()) ** 2)\n",
    "\n",
    "        out.append({\"Stock\": stock, \"Beta\": beta, \"TotalRisk\": stock_risk, \"ResidualRisk\": residual_risk})\n",
    "\n",
    "    return pandas.DataFrame(out).set_index(keys=[\"Stock\"])"
   ]
  },
  {
   "cell_type": "code",
   "execution_count": 6,
   "id": "d4ddcdad-c280-4bc5-8e74-2245f3d98e7c",
   "metadata": {},
   "outputs": [
    {
     "data": {
      "text/html": [
       "<div>\n",
       "<style scoped>\n",
       "    .dataframe tbody tr th:only-of-type {\n",
       "        vertical-align: middle;\n",
       "    }\n",
       "\n",
       "    .dataframe tbody tr th {\n",
       "        vertical-align: top;\n",
       "    }\n",
       "\n",
       "    .dataframe thead th {\n",
       "        text-align: right;\n",
       "    }\n",
       "</style>\n",
       "<table border=\"1\" class=\"dataframe\">\n",
       "  <thead>\n",
       "    <tr style=\"text-align: right;\">\n",
       "      <th></th>\n",
       "      <th>Beta</th>\n",
       "      <th>TotalRisk</th>\n",
       "      <th>ResidualRisk</th>\n",
       "    </tr>\n",
       "    <tr>\n",
       "      <th>Stock</th>\n",
       "      <th></th>\n",
       "      <th></th>\n",
       "      <th></th>\n",
       "    </tr>\n",
       "  </thead>\n",
       "  <tbody>\n",
       "    <tr>\n",
       "      <th>ACN</th>\n",
       "      <td>1.105547</td>\n",
       "      <td>0.017772</td>\n",
       "      <td>0.010200</td>\n",
       "    </tr>\n",
       "    <tr>\n",
       "      <th>BA</th>\n",
       "      <td>1.485289</td>\n",
       "      <td>0.031934</td>\n",
       "      <td>0.025249</td>\n",
       "    </tr>\n",
       "    <tr>\n",
       "      <th>BAC</th>\n",
       "      <td>1.241215</td>\n",
       "      <td>0.022438</td>\n",
       "      <td>0.015379</td>\n",
       "    </tr>\n",
       "    <tr>\n",
       "      <th>CAT</th>\n",
       "      <td>0.977179</td>\n",
       "      <td>0.020312</td>\n",
       "      <td>0.015720</td>\n",
       "    </tr>\n",
       "    <tr>\n",
       "      <th>HP</th>\n",
       "      <td>1.499200</td>\n",
       "      <td>0.038074</td>\n",
       "      <td>0.032560</td>\n",
       "    </tr>\n",
       "    <tr>\n",
       "      <th>INTC</th>\n",
       "      <td>1.228634</td>\n",
       "      <td>0.024580</td>\n",
       "      <td>0.018509</td>\n",
       "    </tr>\n",
       "    <tr>\n",
       "      <th>KMB</th>\n",
       "      <td>0.452469</td>\n",
       "      <td>0.013660</td>\n",
       "      <td>0.012293</td>\n",
       "    </tr>\n",
       "    <tr>\n",
       "      <th>NVDA</th>\n",
       "      <td>1.751760</td>\n",
       "      <td>0.032228</td>\n",
       "      <td>0.022514</td>\n",
       "    </tr>\n",
       "    <tr>\n",
       "      <th>NFLX</th>\n",
       "      <td>1.053397</td>\n",
       "      <td>0.028989</td>\n",
       "      <td>0.025457</td>\n",
       "    </tr>\n",
       "    <tr>\n",
       "      <th>XRX</th>\n",
       "      <td>1.293811</td>\n",
       "      <td>0.028809</td>\n",
       "      <td>0.023236</td>\n",
       "    </tr>\n",
       "  </tbody>\n",
       "</table>\n",
       "</div>"
      ],
      "text/plain": [
       "           Beta  TotalRisk  ResidualRisk\n",
       "Stock                                   \n",
       "ACN    1.105547   0.017772      0.010200\n",
       "BA     1.485289   0.031934      0.025249\n",
       "BAC    1.241215   0.022438      0.015379\n",
       "CAT    0.977179   0.020312      0.015720\n",
       "HP     1.499200   0.038074      0.032560\n",
       "INTC   1.228634   0.024580      0.018509\n",
       "KMB    0.452469   0.013660      0.012293\n",
       "NVDA   1.751760   0.032228      0.022514\n",
       "NFLX   1.053397   0.028989      0.025457\n",
       "XRX    1.293811   0.028809      0.023236"
      ]
     },
     "execution_count": 6,
     "metadata": {},
     "output_type": "execute_result"
    }
   ],
   "source": [
    "calculate_risk_summary(df_returns, stocks, benchmark)"
   ]
  },
  {
   "cell_type": "markdown",
   "id": "5a5c920d-cf6c-4efa-9930-f67703a5a0f8",
   "metadata": {},
   "source": [
    "# 2 Risk Models"
   ]
  },
  {
   "cell_type": "markdown",
   "id": "89b6f928-5b24-4527-a46a-241ef69f2fda",
   "metadata": {},
   "source": [
    "### 2.1 Historical Covariance Matrix\n",
    "\n",
    "The simplest method is to rely on the historical covariances between the stocks. This approach is not robust when there is a large number of stocks $N$ and a limited time-series ($T$) of data, i.e, when $T < N$, as the covariance matrix becomes singular. Further, even if we had a long enough time-series we may wish to exclude data that is \"old\" and no longer \"relevant\" due to the changing nature of the market."
   ]
  },
  {
   "cell_type": "code",
   "execution_count": 7,
   "id": "a5c01097-6613-494f-98a1-f917e23fc7d2",
   "metadata": {},
   "outputs": [],
   "source": [
    "def cov_empirical(df_returns, stocks, benchmarks):\n",
    "    return df_returns[stocks].cov()"
   ]
  },
  {
   "cell_type": "code",
   "execution_count": 8,
   "id": "2e3efc0f-9447-49a9-8111-abef36643b86",
   "metadata": {},
   "outputs": [
    {
     "data": {
      "text/html": [
       "<div>\n",
       "<style scoped>\n",
       "    .dataframe tbody tr th:only-of-type {\n",
       "        vertical-align: middle;\n",
       "    }\n",
       "\n",
       "    .dataframe tbody tr th {\n",
       "        vertical-align: top;\n",
       "    }\n",
       "\n",
       "    .dataframe thead th {\n",
       "        text-align: right;\n",
       "    }\n",
       "</style>\n",
       "<table border=\"1\" class=\"dataframe\">\n",
       "  <thead>\n",
       "    <tr style=\"text-align: right;\">\n",
       "      <th></th>\n",
       "      <th>ACN</th>\n",
       "      <th>BA</th>\n",
       "      <th>BAC</th>\n",
       "      <th>CAT</th>\n",
       "      <th>HP</th>\n",
       "      <th>INTC</th>\n",
       "      <th>KMB</th>\n",
       "      <th>NVDA</th>\n",
       "      <th>NFLX</th>\n",
       "      <th>XRX</th>\n",
       "    </tr>\n",
       "  </thead>\n",
       "  <tbody>\n",
       "    <tr>\n",
       "      <th>ACN</th>\n",
       "      <td>0.000316</td>\n",
       "      <td>0.000259</td>\n",
       "      <td>0.000228</td>\n",
       "      <td>0.000179</td>\n",
       "      <td>0.000251</td>\n",
       "      <td>0.000223</td>\n",
       "      <td>0.000095</td>\n",
       "      <td>0.000324</td>\n",
       "      <td>0.000206</td>\n",
       "      <td>0.000256</td>\n",
       "    </tr>\n",
       "    <tr>\n",
       "      <th>BA</th>\n",
       "      <td>0.000259</td>\n",
       "      <td>0.001020</td>\n",
       "      <td>0.000409</td>\n",
       "      <td>0.000320</td>\n",
       "      <td>0.000583</td>\n",
       "      <td>0.000314</td>\n",
       "      <td>0.000071</td>\n",
       "      <td>0.000367</td>\n",
       "      <td>0.000214</td>\n",
       "      <td>0.000472</td>\n",
       "    </tr>\n",
       "    <tr>\n",
       "      <th>BAC</th>\n",
       "      <td>0.000228</td>\n",
       "      <td>0.000409</td>\n",
       "      <td>0.000503</td>\n",
       "      <td>0.000303</td>\n",
       "      <td>0.000499</td>\n",
       "      <td>0.000243</td>\n",
       "      <td>0.000079</td>\n",
       "      <td>0.000272</td>\n",
       "      <td>0.000136</td>\n",
       "      <td>0.000376</td>\n",
       "    </tr>\n",
       "    <tr>\n",
       "      <th>CAT</th>\n",
       "      <td>0.000179</td>\n",
       "      <td>0.000320</td>\n",
       "      <td>0.000303</td>\n",
       "      <td>0.000413</td>\n",
       "      <td>0.000427</td>\n",
       "      <td>0.000200</td>\n",
       "      <td>0.000056</td>\n",
       "      <td>0.000231</td>\n",
       "      <td>0.000105</td>\n",
       "      <td>0.000324</td>\n",
       "    </tr>\n",
       "    <tr>\n",
       "      <th>HP</th>\n",
       "      <td>0.000251</td>\n",
       "      <td>0.000583</td>\n",
       "      <td>0.000499</td>\n",
       "      <td>0.000427</td>\n",
       "      <td>0.001450</td>\n",
       "      <td>0.000323</td>\n",
       "      <td>0.000063</td>\n",
       "      <td>0.000326</td>\n",
       "      <td>0.000151</td>\n",
       "      <td>0.000508</td>\n",
       "    </tr>\n",
       "    <tr>\n",
       "      <th>INTC</th>\n",
       "      <td>0.000223</td>\n",
       "      <td>0.000314</td>\n",
       "      <td>0.000243</td>\n",
       "      <td>0.000200</td>\n",
       "      <td>0.000323</td>\n",
       "      <td>0.000604</td>\n",
       "      <td>0.000087</td>\n",
       "      <td>0.000433</td>\n",
       "      <td>0.000261</td>\n",
       "      <td>0.000271</td>\n",
       "    </tr>\n",
       "    <tr>\n",
       "      <th>KMB</th>\n",
       "      <td>0.000095</td>\n",
       "      <td>0.000071</td>\n",
       "      <td>0.000079</td>\n",
       "      <td>0.000056</td>\n",
       "      <td>0.000063</td>\n",
       "      <td>0.000087</td>\n",
       "      <td>0.000187</td>\n",
       "      <td>0.000075</td>\n",
       "      <td>0.000056</td>\n",
       "      <td>0.000073</td>\n",
       "    </tr>\n",
       "    <tr>\n",
       "      <th>NVDA</th>\n",
       "      <td>0.000324</td>\n",
       "      <td>0.000367</td>\n",
       "      <td>0.000272</td>\n",
       "      <td>0.000231</td>\n",
       "      <td>0.000326</td>\n",
       "      <td>0.000433</td>\n",
       "      <td>0.000075</td>\n",
       "      <td>0.001039</td>\n",
       "      <td>0.000447</td>\n",
       "      <td>0.000310</td>\n",
       "    </tr>\n",
       "    <tr>\n",
       "      <th>NFLX</th>\n",
       "      <td>0.000206</td>\n",
       "      <td>0.000214</td>\n",
       "      <td>0.000136</td>\n",
       "      <td>0.000105</td>\n",
       "      <td>0.000151</td>\n",
       "      <td>0.000261</td>\n",
       "      <td>0.000056</td>\n",
       "      <td>0.000447</td>\n",
       "      <td>0.000840</td>\n",
       "      <td>0.000194</td>\n",
       "    </tr>\n",
       "    <tr>\n",
       "      <th>XRX</th>\n",
       "      <td>0.000256</td>\n",
       "      <td>0.000472</td>\n",
       "      <td>0.000376</td>\n",
       "      <td>0.000324</td>\n",
       "      <td>0.000508</td>\n",
       "      <td>0.000271</td>\n",
       "      <td>0.000073</td>\n",
       "      <td>0.000310</td>\n",
       "      <td>0.000194</td>\n",
       "      <td>0.000830</td>\n",
       "    </tr>\n",
       "  </tbody>\n",
       "</table>\n",
       "</div>"
      ],
      "text/plain": [
       "           ACN        BA       BAC       CAT        HP      INTC       KMB  \\\n",
       "ACN   0.000316  0.000259  0.000228  0.000179  0.000251  0.000223  0.000095   \n",
       "BA    0.000259  0.001020  0.000409  0.000320  0.000583  0.000314  0.000071   \n",
       "BAC   0.000228  0.000409  0.000503  0.000303  0.000499  0.000243  0.000079   \n",
       "CAT   0.000179  0.000320  0.000303  0.000413  0.000427  0.000200  0.000056   \n",
       "HP    0.000251  0.000583  0.000499  0.000427  0.001450  0.000323  0.000063   \n",
       "INTC  0.000223  0.000314  0.000243  0.000200  0.000323  0.000604  0.000087   \n",
       "KMB   0.000095  0.000071  0.000079  0.000056  0.000063  0.000087  0.000187   \n",
       "NVDA  0.000324  0.000367  0.000272  0.000231  0.000326  0.000433  0.000075   \n",
       "NFLX  0.000206  0.000214  0.000136  0.000105  0.000151  0.000261  0.000056   \n",
       "XRX   0.000256  0.000472  0.000376  0.000324  0.000508  0.000271  0.000073   \n",
       "\n",
       "          NVDA      NFLX       XRX  \n",
       "ACN   0.000324  0.000206  0.000256  \n",
       "BA    0.000367  0.000214  0.000472  \n",
       "BAC   0.000272  0.000136  0.000376  \n",
       "CAT   0.000231  0.000105  0.000324  \n",
       "HP    0.000326  0.000151  0.000508  \n",
       "INTC  0.000433  0.000261  0.000271  \n",
       "KMB   0.000075  0.000056  0.000073  \n",
       "NVDA  0.001039  0.000447  0.000310  \n",
       "NFLX  0.000447  0.000840  0.000194  \n",
       "XRX   0.000310  0.000194  0.000830  "
      ]
     },
     "execution_count": 8,
     "metadata": {},
     "output_type": "execute_result"
    }
   ],
   "source": [
    "cov_empirical(df_returns, stocks, benchmark)"
   ]
  },
  {
   "cell_type": "markdown",
   "id": "68768fe9-d36e-40ba-847a-b89fd857ba27",
   "metadata": {},
   "source": [
    "### 2.2 The Single Factor Risk Model\n",
    "\n",
    "For the single factor risk model we examine returns in the following manner\n",
    "\n",
    "$$ r_i = \\beta_i r_M + \\epsilon_i $$\n",
    "\n",
    "where $r_i$ is the return of stock $i$, $\\beta_i$ is the beta of stock $i$ to the market's return $r_M$, and $\\epsilon_i$ is the residual return.\n",
    "\n",
    "The model assumes that the residual returns, $\\epsilon_i$ are uncorrelated, therefore the covariance between two stocks is given by\n",
    "\n",
    "$$ Cov(r_i, r_j) = \\beta_i \\beta_j \\sigma_M^2 $$\n",
    "\n",
    "and the variance of a stock is given by\n",
    "\n",
    "$$ \\sigma_i^2 = \\beta_i^2 \\sigma_M^2 + \\omega_i^2 $$\n",
    "\n",
    "where $\\omega_i$ is the residual risk of stock $n$."
   ]
  },
  {
   "cell_type": "code",
   "execution_count": 9,
   "id": "00ba2ee8-135e-42cc-b6d4-30920cf44734",
   "metadata": {},
   "outputs": [],
   "source": [
    "def single_factor_covariance(df_returns, stocks, benchmark):\n",
    "\n",
    "    df_risk_summary = calculate_risk_summary(df_returns, stocks, benchmark)\n",
    "\n",
    "    benchmark_var = df_returns[benchmark].var()\n",
    "\n",
    "    cov_sfr = (\n",
    "        numpy.outer(df_risk_summary[\"Beta\"], df_risk_summary[\"Beta\"]) * benchmark_var +\n",
    "        numpy.diag(df_risk_summary[\"ResidualRisk\"] ** 2)\n",
    "    )\n",
    "\n",
    "    return pandas.DataFrame(\n",
    "        data=cov_sfr,\n",
    "        index=df_risk_summary.index,\n",
    "        columns=df_risk_summary.index\n",
    "    )"
   ]
  },
  {
   "cell_type": "code",
   "execution_count": 10,
   "id": "be377e6b-e6f3-45af-8b31-57922d941202",
   "metadata": {},
   "outputs": [
    {
     "data": {
      "text/html": [
       "<div>\n",
       "<style scoped>\n",
       "    .dataframe tbody tr th:only-of-type {\n",
       "        vertical-align: middle;\n",
       "    }\n",
       "\n",
       "    .dataframe tbody tr th {\n",
       "        vertical-align: top;\n",
       "    }\n",
       "\n",
       "    .dataframe thead th {\n",
       "        text-align: right;\n",
       "    }\n",
       "</style>\n",
       "<table border=\"1\" class=\"dataframe\">\n",
       "  <thead>\n",
       "    <tr style=\"text-align: right;\">\n",
       "      <th>Stock</th>\n",
       "      <th>ACN</th>\n",
       "      <th>BA</th>\n",
       "      <th>BAC</th>\n",
       "      <th>CAT</th>\n",
       "      <th>HP</th>\n",
       "      <th>INTC</th>\n",
       "      <th>KMB</th>\n",
       "      <th>NVDA</th>\n",
       "      <th>NFLX</th>\n",
       "      <th>XRX</th>\n",
       "    </tr>\n",
       "    <tr>\n",
       "      <th>Stock</th>\n",
       "      <th></th>\n",
       "      <th></th>\n",
       "      <th></th>\n",
       "      <th></th>\n",
       "      <th></th>\n",
       "      <th></th>\n",
       "      <th></th>\n",
       "      <th></th>\n",
       "      <th></th>\n",
       "      <th></th>\n",
       "    </tr>\n",
       "  </thead>\n",
       "  <tbody>\n",
       "    <tr>\n",
       "      <th>ACN</th>\n",
       "      <td>0.000316</td>\n",
       "      <td>0.000285</td>\n",
       "      <td>0.000238</td>\n",
       "      <td>0.000187</td>\n",
       "      <td>0.000287</td>\n",
       "      <td>0.000235</td>\n",
       "      <td>0.000087</td>\n",
       "      <td>0.000336</td>\n",
       "      <td>0.000202</td>\n",
       "      <td>0.000248</td>\n",
       "    </tr>\n",
       "    <tr>\n",
       "      <th>BA</th>\n",
       "      <td>0.000285</td>\n",
       "      <td>0.001020</td>\n",
       "      <td>0.000319</td>\n",
       "      <td>0.000252</td>\n",
       "      <td>0.000386</td>\n",
       "      <td>0.000316</td>\n",
       "      <td>0.000116</td>\n",
       "      <td>0.000451</td>\n",
       "      <td>0.000271</td>\n",
       "      <td>0.000333</td>\n",
       "    </tr>\n",
       "    <tr>\n",
       "      <th>BAC</th>\n",
       "      <td>0.000238</td>\n",
       "      <td>0.000319</td>\n",
       "      <td>0.000503</td>\n",
       "      <td>0.000210</td>\n",
       "      <td>0.000322</td>\n",
       "      <td>0.000264</td>\n",
       "      <td>0.000097</td>\n",
       "      <td>0.000377</td>\n",
       "      <td>0.000227</td>\n",
       "      <td>0.000278</td>\n",
       "    </tr>\n",
       "    <tr>\n",
       "      <th>CAT</th>\n",
       "      <td>0.000187</td>\n",
       "      <td>0.000252</td>\n",
       "      <td>0.000210</td>\n",
       "      <td>0.000413</td>\n",
       "      <td>0.000254</td>\n",
       "      <td>0.000208</td>\n",
       "      <td>0.000077</td>\n",
       "      <td>0.000297</td>\n",
       "      <td>0.000178</td>\n",
       "      <td>0.000219</td>\n",
       "    </tr>\n",
       "    <tr>\n",
       "      <th>HP</th>\n",
       "      <td>0.000287</td>\n",
       "      <td>0.000386</td>\n",
       "      <td>0.000322</td>\n",
       "      <td>0.000254</td>\n",
       "      <td>0.001450</td>\n",
       "      <td>0.000319</td>\n",
       "      <td>0.000118</td>\n",
       "      <td>0.000455</td>\n",
       "      <td>0.000274</td>\n",
       "      <td>0.000336</td>\n",
       "    </tr>\n",
       "    <tr>\n",
       "      <th>INTC</th>\n",
       "      <td>0.000235</td>\n",
       "      <td>0.000316</td>\n",
       "      <td>0.000264</td>\n",
       "      <td>0.000208</td>\n",
       "      <td>0.000319</td>\n",
       "      <td>0.000604</td>\n",
       "      <td>0.000096</td>\n",
       "      <td>0.000373</td>\n",
       "      <td>0.000224</td>\n",
       "      <td>0.000275</td>\n",
       "    </tr>\n",
       "    <tr>\n",
       "      <th>KMB</th>\n",
       "      <td>0.000087</td>\n",
       "      <td>0.000116</td>\n",
       "      <td>0.000097</td>\n",
       "      <td>0.000077</td>\n",
       "      <td>0.000118</td>\n",
       "      <td>0.000096</td>\n",
       "      <td>0.000187</td>\n",
       "      <td>0.000137</td>\n",
       "      <td>0.000083</td>\n",
       "      <td>0.000101</td>\n",
       "    </tr>\n",
       "    <tr>\n",
       "      <th>NVDA</th>\n",
       "      <td>0.000336</td>\n",
       "      <td>0.000451</td>\n",
       "      <td>0.000377</td>\n",
       "      <td>0.000297</td>\n",
       "      <td>0.000455</td>\n",
       "      <td>0.000373</td>\n",
       "      <td>0.000137</td>\n",
       "      <td>0.001039</td>\n",
       "      <td>0.000320</td>\n",
       "      <td>0.000393</td>\n",
       "    </tr>\n",
       "    <tr>\n",
       "      <th>NFLX</th>\n",
       "      <td>0.000202</td>\n",
       "      <td>0.000271</td>\n",
       "      <td>0.000227</td>\n",
       "      <td>0.000178</td>\n",
       "      <td>0.000274</td>\n",
       "      <td>0.000224</td>\n",
       "      <td>0.000083</td>\n",
       "      <td>0.000320</td>\n",
       "      <td>0.000840</td>\n",
       "      <td>0.000236</td>\n",
       "    </tr>\n",
       "    <tr>\n",
       "      <th>XRX</th>\n",
       "      <td>0.000248</td>\n",
       "      <td>0.000333</td>\n",
       "      <td>0.000278</td>\n",
       "      <td>0.000219</td>\n",
       "      <td>0.000336</td>\n",
       "      <td>0.000275</td>\n",
       "      <td>0.000101</td>\n",
       "      <td>0.000393</td>\n",
       "      <td>0.000236</td>\n",
       "      <td>0.000830</td>\n",
       "    </tr>\n",
       "  </tbody>\n",
       "</table>\n",
       "</div>"
      ],
      "text/plain": [
       "Stock       ACN        BA       BAC       CAT        HP      INTC       KMB  \\\n",
       "Stock                                                                         \n",
       "ACN    0.000316  0.000285  0.000238  0.000187  0.000287  0.000235  0.000087   \n",
       "BA     0.000285  0.001020  0.000319  0.000252  0.000386  0.000316  0.000116   \n",
       "BAC    0.000238  0.000319  0.000503  0.000210  0.000322  0.000264  0.000097   \n",
       "CAT    0.000187  0.000252  0.000210  0.000413  0.000254  0.000208  0.000077   \n",
       "HP     0.000287  0.000386  0.000322  0.000254  0.001450  0.000319  0.000118   \n",
       "INTC   0.000235  0.000316  0.000264  0.000208  0.000319  0.000604  0.000096   \n",
       "KMB    0.000087  0.000116  0.000097  0.000077  0.000118  0.000096  0.000187   \n",
       "NVDA   0.000336  0.000451  0.000377  0.000297  0.000455  0.000373  0.000137   \n",
       "NFLX   0.000202  0.000271  0.000227  0.000178  0.000274  0.000224  0.000083   \n",
       "XRX    0.000248  0.000333  0.000278  0.000219  0.000336  0.000275  0.000101   \n",
       "\n",
       "Stock      NVDA      NFLX       XRX  \n",
       "Stock                                \n",
       "ACN    0.000336  0.000202  0.000248  \n",
       "BA     0.000451  0.000271  0.000333  \n",
       "BAC    0.000377  0.000227  0.000278  \n",
       "CAT    0.000297  0.000178  0.000219  \n",
       "HP     0.000455  0.000274  0.000336  \n",
       "INTC   0.000373  0.000224  0.000275  \n",
       "KMB    0.000137  0.000083  0.000101  \n",
       "NVDA   0.001039  0.000320  0.000393  \n",
       "NFLX   0.000320  0.000840  0.000236  \n",
       "XRX    0.000393  0.000236  0.000830  "
      ]
     },
     "execution_count": 10,
     "metadata": {},
     "output_type": "execute_result"
    }
   ],
   "source": [
    "single_factor_covariance(df_returns, stocks, benchmark)"
   ]
  },
  {
   "cell_type": "markdown",
   "id": "32868fc0-c53a-4a32-9657-3546970c299a",
   "metadata": {},
   "source": [
    "### 2.3 The Common Correlation Model\n",
    "\n",
    "This model makes use of an estimate of each stock's risk $\\sigma_i$ and an average correlation between stocks $\\rho$. This implies that the covariance between two stocks is given by\n",
    "\n",
    "$$Cov(r_i, r_j) = \\sigma_i \\sigma_j \\rho $$"
   ]
  },
  {
   "cell_type": "code",
   "execution_count": 11,
   "id": "899f9f43-5205-41fd-a4c4-d18e48fbbe96",
   "metadata": {},
   "outputs": [],
   "source": [
    "def average_pairwise_correlation(df_returns):\n",
    "    corrs = (numpy.triu(df_returns[stocks].corr()) - numpy.diag(numpy.ones(len(stocks)))).flatten()\n",
    "    return corrs[corrs != 0].mean()"
   ]
  },
  {
   "cell_type": "code",
   "execution_count": 12,
   "id": "3b2ebdef-a500-46de-9504-f5c476d04e4a",
   "metadata": {},
   "outputs": [],
   "source": [
    "def common_correlation_covariance(df_returns, stocks, benchmark):\n",
    "    \n",
    "    df_risk_summary = calculate_risk_summary(df_returns, stocks, benchmark)\n",
    "    avg_pairwise_corr = average_pairwise_correlation(df_returns[stocks])\n",
    "    stock_risks = df_risk_summary[\"TotalRisk\"]\n",
    "\n",
    "    cov = numpy.outer(stock_risks, stock_risks) * avg_pairwise_corr\n",
    "\n",
    "    cov[numpy.diag_indices_from(cov)] = numpy.diag(cov) / avg_pairwise_corr\n",
    "\n",
    "    return pandas.DataFrame(\n",
    "        data=cov,\n",
    "        index=df_risk_summary.index,\n",
    "        columns=df_risk_summary.index\n",
    "    )"
   ]
  },
  {
   "cell_type": "code",
   "execution_count": 13,
   "id": "fe6eae89-ec76-4327-88c1-c8c0ea0b04d3",
   "metadata": {},
   "outputs": [
    {
     "data": {
      "text/html": [
       "<div>\n",
       "<style scoped>\n",
       "    .dataframe tbody tr th:only-of-type {\n",
       "        vertical-align: middle;\n",
       "    }\n",
       "\n",
       "    .dataframe tbody tr th {\n",
       "        vertical-align: top;\n",
       "    }\n",
       "\n",
       "    .dataframe thead th {\n",
       "        text-align: right;\n",
       "    }\n",
       "</style>\n",
       "<table border=\"1\" class=\"dataframe\">\n",
       "  <thead>\n",
       "    <tr style=\"text-align: right;\">\n",
       "      <th>Stock</th>\n",
       "      <th>ACN</th>\n",
       "      <th>BA</th>\n",
       "      <th>BAC</th>\n",
       "      <th>CAT</th>\n",
       "      <th>HP</th>\n",
       "      <th>INTC</th>\n",
       "      <th>KMB</th>\n",
       "      <th>NVDA</th>\n",
       "      <th>NFLX</th>\n",
       "      <th>XRX</th>\n",
       "    </tr>\n",
       "    <tr>\n",
       "      <th>Stock</th>\n",
       "      <th></th>\n",
       "      <th></th>\n",
       "      <th></th>\n",
       "      <th></th>\n",
       "      <th></th>\n",
       "      <th></th>\n",
       "      <th></th>\n",
       "      <th></th>\n",
       "      <th></th>\n",
       "      <th></th>\n",
       "    </tr>\n",
       "  </thead>\n",
       "  <tbody>\n",
       "    <tr>\n",
       "      <th>ACN</th>\n",
       "      <td>0.000316</td>\n",
       "      <td>0.000218</td>\n",
       "      <td>0.000153</td>\n",
       "      <td>0.000138</td>\n",
       "      <td>0.000259</td>\n",
       "      <td>0.000167</td>\n",
       "      <td>0.000093</td>\n",
       "      <td>0.000220</td>\n",
       "      <td>0.000198</td>\n",
       "      <td>0.000196</td>\n",
       "    </tr>\n",
       "    <tr>\n",
       "      <th>BA</th>\n",
       "      <td>0.000218</td>\n",
       "      <td>0.001020</td>\n",
       "      <td>0.000275</td>\n",
       "      <td>0.000249</td>\n",
       "      <td>0.000466</td>\n",
       "      <td>0.000301</td>\n",
       "      <td>0.000167</td>\n",
       "      <td>0.000395</td>\n",
       "      <td>0.000355</td>\n",
       "      <td>0.000353</td>\n",
       "    </tr>\n",
       "    <tr>\n",
       "      <th>BAC</th>\n",
       "      <td>0.000153</td>\n",
       "      <td>0.000275</td>\n",
       "      <td>0.000503</td>\n",
       "      <td>0.000175</td>\n",
       "      <td>0.000328</td>\n",
       "      <td>0.000211</td>\n",
       "      <td>0.000118</td>\n",
       "      <td>0.000277</td>\n",
       "      <td>0.000249</td>\n",
       "      <td>0.000248</td>\n",
       "    </tr>\n",
       "    <tr>\n",
       "      <th>CAT</th>\n",
       "      <td>0.000138</td>\n",
       "      <td>0.000249</td>\n",
       "      <td>0.000175</td>\n",
       "      <td>0.000413</td>\n",
       "      <td>0.000296</td>\n",
       "      <td>0.000191</td>\n",
       "      <td>0.000106</td>\n",
       "      <td>0.000251</td>\n",
       "      <td>0.000226</td>\n",
       "      <td>0.000224</td>\n",
       "    </tr>\n",
       "    <tr>\n",
       "      <th>HP</th>\n",
       "      <td>0.000259</td>\n",
       "      <td>0.000466</td>\n",
       "      <td>0.000328</td>\n",
       "      <td>0.000296</td>\n",
       "      <td>0.001450</td>\n",
       "      <td>0.000359</td>\n",
       "      <td>0.000199</td>\n",
       "      <td>0.000470</td>\n",
       "      <td>0.000423</td>\n",
       "      <td>0.000421</td>\n",
       "    </tr>\n",
       "    <tr>\n",
       "      <th>INTC</th>\n",
       "      <td>0.000167</td>\n",
       "      <td>0.000301</td>\n",
       "      <td>0.000211</td>\n",
       "      <td>0.000191</td>\n",
       "      <td>0.000359</td>\n",
       "      <td>0.000604</td>\n",
       "      <td>0.000129</td>\n",
       "      <td>0.000304</td>\n",
       "      <td>0.000273</td>\n",
       "      <td>0.000271</td>\n",
       "    </tr>\n",
       "    <tr>\n",
       "      <th>KMB</th>\n",
       "      <td>0.000093</td>\n",
       "      <td>0.000167</td>\n",
       "      <td>0.000118</td>\n",
       "      <td>0.000106</td>\n",
       "      <td>0.000199</td>\n",
       "      <td>0.000129</td>\n",
       "      <td>0.000187</td>\n",
       "      <td>0.000169</td>\n",
       "      <td>0.000152</td>\n",
       "      <td>0.000151</td>\n",
       "    </tr>\n",
       "    <tr>\n",
       "      <th>NVDA</th>\n",
       "      <td>0.000220</td>\n",
       "      <td>0.000395</td>\n",
       "      <td>0.000277</td>\n",
       "      <td>0.000251</td>\n",
       "      <td>0.000470</td>\n",
       "      <td>0.000304</td>\n",
       "      <td>0.000169</td>\n",
       "      <td>0.001039</td>\n",
       "      <td>0.000358</td>\n",
       "      <td>0.000356</td>\n",
       "    </tr>\n",
       "    <tr>\n",
       "      <th>NFLX</th>\n",
       "      <td>0.000198</td>\n",
       "      <td>0.000355</td>\n",
       "      <td>0.000249</td>\n",
       "      <td>0.000226</td>\n",
       "      <td>0.000423</td>\n",
       "      <td>0.000273</td>\n",
       "      <td>0.000152</td>\n",
       "      <td>0.000358</td>\n",
       "      <td>0.000840</td>\n",
       "      <td>0.000320</td>\n",
       "    </tr>\n",
       "    <tr>\n",
       "      <th>XRX</th>\n",
       "      <td>0.000196</td>\n",
       "      <td>0.000353</td>\n",
       "      <td>0.000248</td>\n",
       "      <td>0.000224</td>\n",
       "      <td>0.000421</td>\n",
       "      <td>0.000271</td>\n",
       "      <td>0.000151</td>\n",
       "      <td>0.000356</td>\n",
       "      <td>0.000320</td>\n",
       "      <td>0.000830</td>\n",
       "    </tr>\n",
       "  </tbody>\n",
       "</table>\n",
       "</div>"
      ],
      "text/plain": [
       "Stock       ACN        BA       BAC       CAT        HP      INTC       KMB  \\\n",
       "Stock                                                                         \n",
       "ACN    0.000316  0.000218  0.000153  0.000138  0.000259  0.000167  0.000093   \n",
       "BA     0.000218  0.001020  0.000275  0.000249  0.000466  0.000301  0.000167   \n",
       "BAC    0.000153  0.000275  0.000503  0.000175  0.000328  0.000211  0.000118   \n",
       "CAT    0.000138  0.000249  0.000175  0.000413  0.000296  0.000191  0.000106   \n",
       "HP     0.000259  0.000466  0.000328  0.000296  0.001450  0.000359  0.000199   \n",
       "INTC   0.000167  0.000301  0.000211  0.000191  0.000359  0.000604  0.000129   \n",
       "KMB    0.000093  0.000167  0.000118  0.000106  0.000199  0.000129  0.000187   \n",
       "NVDA   0.000220  0.000395  0.000277  0.000251  0.000470  0.000304  0.000169   \n",
       "NFLX   0.000198  0.000355  0.000249  0.000226  0.000423  0.000273  0.000152   \n",
       "XRX    0.000196  0.000353  0.000248  0.000224  0.000421  0.000271  0.000151   \n",
       "\n",
       "Stock      NVDA      NFLX       XRX  \n",
       "Stock                                \n",
       "ACN    0.000220  0.000198  0.000196  \n",
       "BA     0.000395  0.000355  0.000353  \n",
       "BAC    0.000277  0.000249  0.000248  \n",
       "CAT    0.000251  0.000226  0.000224  \n",
       "HP     0.000470  0.000423  0.000421  \n",
       "INTC   0.000304  0.000273  0.000271  \n",
       "KMB    0.000169  0.000152  0.000151  \n",
       "NVDA   0.001039  0.000358  0.000356  \n",
       "NFLX   0.000358  0.000840  0.000320  \n",
       "XRX    0.000356  0.000320  0.000830  "
      ]
     },
     "execution_count": 13,
     "metadata": {},
     "output_type": "execute_result"
    }
   ],
   "source": [
    "common_correlation_covariance(df_returns, stocks, benchmark)"
   ]
  },
  {
   "cell_type": "markdown",
   "id": "2b2a389a-cf38-4d7a-b5e2-225a8fab709f",
   "metadata": {},
   "source": [
    "## 2.4 Out of Sample Performance\n",
    "\n",
    "We compare the out of sample performance of the different risk models by comparing the estimated covaraince matrix on day $T$ with the realised covariance matrix over a subsequent period from $T + 1$ to $T + N$."
   ]
  },
  {
   "cell_type": "code",
   "execution_count": 14,
   "id": "49106e83-2b5a-48c7-b216-1b1afd080c20",
   "metadata": {},
   "outputs": [],
   "source": [
    "dates = df_returns.index.tolist()\n",
    "train_window = 126\n",
    "test_window = 21"
   ]
  },
  {
   "cell_type": "code",
   "execution_count": 15,
   "id": "333dd454-7d49-4175-8a49-63048b55da3d",
   "metadata": {},
   "outputs": [],
   "source": [
    "def norm(cov_train, cov_test):\n",
    "    \"\"\"Sum of squares\"\"\"\n",
    "    return numpy.power(cov_test - cov_train, 2).sum().sum()"
   ]
  },
  {
   "cell_type": "code",
   "execution_count": 16,
   "id": "5fdd1101-fa7e-4ed3-a8a1-e3bff3194c25",
   "metadata": {},
   "outputs": [],
   "source": [
    "models = {\n",
    "    \"Empirical\": cov_empirical,\n",
    "    \"SingleFactor\": single_factor_covariance,\n",
    "    \"CommonCorrelation\": common_correlation_covariance,\n",
    "}"
   ]
  },
  {
   "cell_type": "code",
   "execution_count": 17,
   "id": "9596a695-b9f2-48fa-9276-93d787376e70",
   "metadata": {},
   "outputs": [],
   "source": [
    "out = []\n",
    "\n",
    "for ix in range(train_window, len(dates) - test_window):\n",
    "\n",
    "    df_returns_train = df_returns.iloc[ix-train_window:ix]\n",
    "    df_returns_test = df_returns.iloc[ix:ix+test_window]\n",
    "\n",
    "    cov_test = cov_empirical(df_returns_test, stocks, benchmark)\n",
    "\n",
    "    for name, model in models.items():\n",
    "        cov_tr = model(df_returns_train, stocks, benchmark)\n",
    "        err = norm(cov_tr, cov_test)\n",
    "\n",
    "        out.append({\n",
    "            \"Date\": dates[ix],\n",
    "            \"Model\": name,\n",
    "            \"Error\": err\n",
    "        })\n",
    "\n",
    "df_errors = (\n",
    "    pandas.DataFrame(out)\n",
    "    .set_index(keys=[\"Date\", \"Model\"])\n",
    "    .unstack(1)\n",
    "    [\"Error\"]\n",
    ")"
   ]
  },
  {
   "cell_type": "code",
   "execution_count": 18,
   "id": "200449a7-f415-4e48-8ec3-fe9e075d5beb",
   "metadata": {},
   "outputs": [
    {
     "data": {
